Count:      16548865
Mean:       0.5052923
StdDev:     9.76214138
Min:        0.0
Max:        2692.0
